    1  0.0  10295     77
    2  0.0      0      0
    3  0.0      0      0
    5  0.0      0      0
    7  0.0      0      0
    8  0.0      0      0
    9  0.0      0      0
   10  0.0      0      0
   11  0.0      0      0
   12  0.0      0      0
   13  0.0      0      0
   14  0.0      0      0
   15  0.0      0      0
   16  0.0      0      0
   18  0.0      0      0
   19  0.0      0      0
   20  0.0      0      0
   21  0.0      0      0
   22  0.0      0      0
   24  0.0      0      0
   25  0.0      0      0
   26  0.0      0      0
   27  0.0      0      0
   28  0.0      0      0
   30  0.0      0      0
   31  0.0      0      0
   32  0.0      0      0
   33  0.0      0      0
   34  0.0      0      0
   35  0.0      0      0
   36  0.0      0      0
   37  0.0      0      0
   38  0.0      0      0
   39  0.0      0      0
   40  0.0      0      0
   41  0.0      0      0
   42  0.0      0      0
   43  0.0      0      0
   44  0.0      0      0
   45  0.0      0      0
   46  0.0      0      0
   52  0.0      0      0
   53  0.0      0      0
   54  0.0      0      0
   93  0.0      0      0
   94  0.0      0      0
   95  0.0      0      0
   96  0.0      0      0
   97  0.0      0      0
   99  0.0      0      0
  100  0.0      0      0
  101  0.0      0      0
  102  0.0      0      0
  103  0.0      0      0
  108  0.0      0      0
  129  0.0      0      0
  130  0.0      0      0
  171  0.0      0      0
  172  0.0      0      0
  173  0.0      0      0
  174  0.0      0      0
  175  0.0      0      0
  176  0.0      0      0
  177  0.0      0      0
  178  0.0      0      0
  179  0.0      0      0
  180  0.0      0      0
  182  0.0      0      0
  183  0.0      0      0
  184  0.0      0      0
  185  0.0      0      0
  186  0.0      0      0
  187  0.0      0      0
  190  0.0      0      0
  192  0.0      0      0
  196  0.0      0      0
  217  0.0      0      0
  219  0.0      0      0
  220  0.0      0      0
  251  0.0      0      0
  261  0.0    913     27
  291  0.0   3832     11
  293  0.0      0      0
  294  0.0      0      0
  364  0.0      0      0
  383  0.0      0      0
  446  0.0      0      0
  477  0.0      0      0
  540  0.0      0      0
  613  0.0      0      0
  614  0.0      0      0
  626  0.0      0      0
  657  0.0      0      0
  658  0.0      0      0
  679  0.0    280      5
  753  0.0      0      0
  754  0.0      0      0
  755  0.0      0      0
  758  0.0      0      0
  803  0.0    711     15
  805  0.0   1535     14
  826  0.0    130      2
  828  0.0    267     16
  834  0.0    508     11
  838  0.0    211      3
  846  0.0    440     35
  847  0.0    916     16
  849  0.0    839     17
  851  0.0   2252    105
  856  0.0    270      9
  859  0.0   2145     91
  864  0.0    291     12
  923  0.0     69      1
  924  0.0     40      0
  925  0.0    629     20
  954  0.0   2185     11
  976  0.0   1045      6
  985  0.0    633      6
  988  0.0   1457     16
  995  0.0      0      0
 1007  0.0    418     47
 1017  0.0    558      0
 1018  0.0     22      0
 1022  0.0    467      0
 1024  0.1   6368    100
 1034  0.0    434     12
 1045  0.0    292     22
 1160  0.0    310      0
 1163  0.0   1519     37
 1168  0.0    582      0
 1173  0.0    271      0
 1176  0.0    321      1
 1184  0.0   4415     50
 1192  0.0    743     12
 1214  0.4  20969    186
 1218  0.0    925     13
 1219  0.0    238      2
 1228  0.0      0      0
 1239  0.0   1021      2
 1244  0.0    500      1
 1247  0.0   1712      0
 1275  0.0    551      0
 1287  0.0    159      0
 1297  0.0    858      0
 1302  0.0    580      0
 1303  0.0     22      0
 1308  0.0    254      7
 1311  0.0      0      0
 1312  0.0    835      0
 1314  1.0  74987    105
 1319  0.0   2066      1
 1322  0.0   5563      4
 1391  0.0     32      2
 1408  0.0   1017      2
 1413  0.0    587      3
 1418  0.0    564      3
 1432  0.0    516      1
 1433  0.0   2128      6
 1438  0.0   1534      2
 1440  0.0    576      0
 1447  0.0    312      0
 1449  0.0    330      6
 1469  0.0  12712     24
 1483  0.0   1406     48
 1493  0.0    549      2
 1497  0.0    199      4
 1501  0.0    942      1
 1509  1.2  56449    444
 1519  0.0   1093     30
 1529  0.0   1563     25
 1535  0.0    263      0
 1542  0.0    771     18
 1544  0.0    716      5
 1549  0.0   1984     58
 1552  0.0  24932     15
 1562  0.0    350      7
 1567  0.0    295      1
 1572  0.0    482      1
 1578  0.0    273      1
 1591  0.0    563      6
 1596  0.0   3093     53
 1601  0.0  11204     69
 1602  0.2   7907     42
 1603  0.0  25766     26
 1604  0.1   8412     77
 1605  0.0   1035      4
 1607  0.0    923      1
 1611  0.1  11824     35
 1648  0.0   6438     13
 1656  0.0  10464      6
 1670  0.0   9799      5
 1682  0.0   1359      3
 1685  0.0   9749      4
 1704  0.0   1220     26
 1744  0.0    379      0
 1752  0.0    620      1
 1762  0.0    462      4
 1774  0.1   7864    118
 1780  0.0   2265     20
 1851  0.0    260      8
 1920  0.0   3507      5
 1956  0.0    610      5
 2058  5.2 607433    527
 2124  0.0      0      0
 2143  0.1   7023      1
 2374  0.0   5253      1
 2385  0.0      0      0
11440  0.0      0      0
16169  0.0      0      0
21754  0.0      0      0
21755  0.0      0      0
21778  0.0      0      0
21794  0.0      0      0
21798  0.0      0      0
21799  0.0      0      0
21809  0.0      0      0
21832  0.7  37854    143
21847  0.4  12229     56
21851  0.0      0      0
25850  0.0   6871     10
26408  0.0      0      0
27184  0.0     68      0
27185  0.0    153      0
